image: home.pgm
resolution: 0.010000
origin: [-16.680000, -16.360000, 0.000000]
negate: 0
occupied_thresh: 0.65
free_thresh: 0.196

